Data Analysis Report
==================================================


Topology Degree Analysis
------------------------------
         Dimension  Category  multi_func_profit_Profit  multi_func_profit_Cost  multi_func_profit_Users  multi_func_worst_profit_Profit  multi_func_worst_profit_Cost  multi_func_worst_profit_Users  multi_func_min_cost_Profit  multi_func_min_cost_Cost  multi_func_min_cost_Users  multi_func_max_users_Profit  multi_func_max_users_Cost  multi_func_max_users_Users  single_func_Profit  single_func_Cost  single_func_Users  random_deploy_Profit  random_deploy_Cost  random_deploy_Users
0  Topology Degree         2               -327.731111              642.175556                 2.222222                    -1540.325556                   1932.547778                       4.777778                 -387.815556                624.482222                   1.888889                  -1454.66000                1925.771111                    5.222222         -646.374444         981.93000           2.888889           -704.526667         1043.415556             2.777778
1  Topology Degree         3               -282.000000              442.000000                 2.500000                     -726.750000                   1086.750000                       6.000000                 -282.000000                442.000000                   2.500000                   -726.75000                1086.750000                    6.000000         -567.100000         847.10000           4.500000           -546.500000          826.500000             4.500000
2  Topology Degree         4                493.592500              436.407500                 8.250000                      -50.895000                    500.895000                       5.250000                  101.762500                298.237500                   4.000000                    345.15000                 634.850000                    9.500000           26.730000         493.27000           5.500000             29.607500          430.392500             5.000000
3  Topology Degree         5               -309.817500              472.317500                 1.375000                    -1011.313750                   1606.313750                       4.750000                 -309.817500                472.317500                   1.375000                  -1011.31375                1606.313750                    4.750000         -461.283750         718.78375           2.000000           -460.737500          708.237500             2.125000


GPU Compute Analysis
------------------------------
     Dimension  Category  multi_func_profit_Profit  multi_func_profit_Cost  multi_func_profit_Users  multi_func_worst_profit_Profit  multi_func_worst_profit_Cost  multi_func_worst_profit_Users  multi_func_min_cost_Profit  multi_func_min_cost_Cost  multi_func_min_cost_Users  multi_func_max_users_Profit  multi_func_max_users_Cost  multi_func_max_users_Users  single_func_Profit  single_func_Cost  single_func_Users  random_deploy_Profit  random_deploy_Cost  random_deploy_Users
0  GPU Compute     435.0               -252.876000              422.876000                 1.800000                     -716.858000                   1212.858000                       5.000000                 -252.876000                422.876000                   1.800000                  -713.218000                1211.218000                    5.200000         -454.098000        716.098000           3.200000           -444.798000          706.798000                 3.20
1  GPU Compute     783.0               -669.090000              789.090000                 3.000000                    -1789.000000                   2109.000000                       8.000000                 -669.090000                789.090000                   3.000000                 -1785.680000                2105.680000                    8.000000         -903.560000       1063.560000           4.000000           -677.670000          797.670000                 3.00
2  GPU Compute    1957.5               -344.300000              564.300000                 1.500000                    -1048.000000                   1648.000000                       4.000000                 -344.300000                564.300000                   1.500000                 -1048.000000                1648.000000                    4.000000         -716.200000       1156.200000           3.000000           -381.900000          721.900000                 2.50
3  GPU Compute    3915.0                452.163333              411.170000                 5.333333                       61.666667                    635.000000                       6.000000                  259.496667                370.503333                   4.333333                   253.583333                 676.416667                    7.000000          289.583333        627.083333           6.666667            283.830000          552.836667                 6.00
4  GPU Compute    9135.0               -203.998333              488.998333                 2.666667                    -1290.205000                   1516.871667                       3.833333                 -309.448333                421.115000                   1.333333                 -1161.710000                1561.710000                    5.166667         -639.576667        826.243333           2.166667           -776.558333          954.891667                 2.00
5  GPU Compute   30450.0                141.765000              363.235000                 4.750000                     -449.375000                    819.375000                       4.500000                  -82.580000                317.580000                   2.500000                  -222.642500                 862.642500                    6.750000         -100.220000        335.220000           2.500000           -242.252500          537.252500                 3.25
6  GPU Compute   56550.0              -1047.620000             1267.620000                 1.500000                    -3393.750000                   4333.750000                       7.000000                -1047.620000               1267.620000                   1.500000                 -3353.750000                4293.750000                    7.000000        -1279.440000       1559.440000           2.000000          -1279.440000         1559.440000                 2.00


Bandwidth Analysis
------------------------------
    Dimension   Category  multi_func_profit_Profit  multi_func_profit_Cost  multi_func_profit_Users  multi_func_worst_profit_Profit  multi_func_worst_profit_Cost  multi_func_worst_profit_Users  multi_func_min_cost_Profit  multi_func_min_cost_Cost  multi_func_min_cost_Users  multi_func_max_users_Profit  multi_func_max_users_Cost  multi_func_max_users_Users  single_func_Profit  single_func_Cost  single_func_Users  random_deploy_Profit  random_deploy_Cost  random_deploy_Users
0   Bandwidth   6.576000                -30.000000                  40.000                 1.000000                     -259.200000                       299.200                            4.0                  -30.000000                    40.000                   1.000000                  -241.000000                    291.000                         5.0         -254.400000           284.400           3.000000           -254.400000          284.400000                  3.0
1   Bandwidth   6.675472               -335.190000                 595.190                 1.500000                     -935.795000                      1795.795                            4.5                 -335.190000                   595.190                   1.500000                  -935.795000                   1795.795                         4.5         -440.945000           800.945           2.000000           -438.295000          798.295000                  2.0
2   Bandwidth   6.752941               -282.000000                 442.000                 2.500000                     -726.750000                      1086.750                            6.0                 -282.000000                   442.000                   2.500000                  -726.750000                   1086.750                         6.0         -567.100000           847.100           4.500000           -546.500000          826.500000                  4.5
3   Bandwidth   8.220000               -669.090000                 789.090                 3.000000                    -1789.000000                      2109.000                            8.0                 -669.090000                   789.090                   3.000000                 -1785.680000                   2105.680                         8.0         -903.560000          1063.560           4.000000           -677.670000          797.670000                  3.0
4   Bandwidth  13.152000               1557.500000                 192.500                 7.000000                     1107.500000                       142.500                            5.0                 1112.500000                   137.500                   5.000000                  1550.500000                    199.500                         7.0         1550.500000           199.500           7.000000           1557.500000          192.500000                  7.0
5   Bandwidth  13.350943               -344.300000                 564.300                 1.500000                    -1048.000000                      1648.000                            4.0                 -344.300000                   564.300                   1.500000                 -1048.000000                   1648.000                         4.0         -716.200000          1156.200           3.000000           -381.900000          721.900000                  2.5
6   Bandwidth  13.626667               -100.505000                 520.505                 4.500000                     -461.250000                       881.250                            6.5                 -167.005000                   487.005                   4.000000                  -394.875000                    914.875                         7.0         -340.875000           840.875           6.500000           -353.005000          733.005000                  5.5
7   Bandwidth  19.728000               -381.598000                 507.598                 1.400000                    -1576.146000                      1800.146                            4.2                 -400.750000                   486.750                   1.200000                 -1530.852000                   1794.852                         4.4         -809.342000           961.342           2.000000           -960.594000         1126.594000                  2.0
8   Bandwidth  20.440000                684.000000                 396.000                 9.000000                      139.500000                       100.500                            2.0                  147.060000                    92.940                   2.000000                   684.000000                    396.000                         9.0          209.250000           150.750           3.000000            143.620000           96.380000                  2.0
9   Bandwidth  30.039623               -308.106667                 381.440                 1.333333                     -792.306667                      1045.640                            4.0                 -308.106667                   381.440                   1.333333                  -792.306667                   1045.640                         4.0         -326.766667           400.100           1.333333           -549.943333          663.276667                  2.0
10  Bandwidth  30.660000               1491.380000                 308.620                15.000000                      579.420000                       140.580                            6.0                  594.000000                   126.000                   6.000000                  1486.350000                    313.650                        15.0          579.420000           140.580           6.000000            680.820000          159.180000                  7.0
11  Bandwidth  39.456000              -1900.000000                2220.000                 2.000000                    -5041.500000                      5841.500                            5.0                -1900.000000                  2220.000                   2.000000                 -4961.500000                   5761.500                         5.0        -2163.200000          2483.200           2.000000          -2163.200000         2483.200000                  2.0
12  Bandwidth  40.052830               -195.240000                 315.240                 1.000000                    -1746.000000                      2826.000                            9.0                 -195.240000                   315.240                   1.000000                 -1746.000000                   2826.000                         9.0         -395.680000           635.680           2.000000           -395.680000          635.680000                  2.0


Model Size Analysis
------------------------------
    Dimension Category  multi_func_profit_Profit  multi_func_profit_Cost  multi_func_profit_Users  multi_func_worst_profit_Profit  multi_func_worst_profit_Cost  multi_func_worst_profit_Users  multi_func_min_cost_Profit  multi_func_min_cost_Cost  multi_func_min_cost_Users  multi_func_max_users_Profit  multi_func_max_users_Cost  multi_func_max_users_Users  single_func_Profit  single_func_Cost  single_func_Users  random_deploy_Profit  random_deploy_Cost  random_deploy_Users
0  Model Size      13B               -669.090000              789.090000                 3.000000                    -1789.000000                   2109.000000                       8.000000                 -669.090000                789.090000                   3.000000                 -1785.680000                2105.680000                    8.000000         -903.560000       1063.560000           4.000000           -677.670000          797.670000                 3.00
1  Model Size     175B               -203.998333              488.998333                 2.666667                    -1290.205000                   1516.871667                       3.833333                 -309.448333                421.115000                   1.333333                 -1161.710000                1561.710000                    5.166667         -639.576667        826.243333           2.166667           -776.558333          954.891667                 2.00
2  Model Size       1T              -1047.620000             1267.620000                 1.500000                    -3393.750000                   4333.750000                       7.000000                -1047.620000               1267.620000                   1.500000                 -3353.750000                4293.750000                    7.000000        -1279.440000       1559.440000           2.000000          -1279.440000         1559.440000                 2.00
3  Model Size      34B               -344.300000              564.300000                 1.500000                    -1048.000000                   1648.000000                       4.000000                 -344.300000                564.300000                   1.500000                 -1048.000000                1648.000000                    4.000000         -716.200000       1156.200000           3.000000           -381.900000          721.900000                 2.50
4  Model Size     540B                141.765000              363.235000                 4.750000                     -449.375000                    819.375000                       4.500000                  -82.580000                317.580000                   2.500000                  -222.642500                 862.642500                    6.750000         -100.220000        335.220000           2.500000           -242.252500          537.252500                 3.25
5  Model Size      70B                452.163333              411.170000                 5.333333                       61.666667                    635.000000                       6.000000                  259.496667                370.503333                   4.333333                   253.583333                 676.416667                    7.000000          289.583333        627.083333           6.666667            283.830000          552.836667                 6.00
6  Model Size       7B               -252.876000              422.876000                 1.800000                     -716.858000                   1212.858000                       5.000000                 -252.876000                422.876000                   1.800000                  -713.218000                1211.218000                    5.200000         -454.098000        716.098000           3.200000           -444.798000          706.798000                 3.20


Module Count Analysis
------------------------------
      Dimension  Category  multi_func_profit_Profit  multi_func_profit_Cost  multi_func_profit_Users  multi_func_worst_profit_Profit  multi_func_worst_profit_Cost  multi_func_worst_profit_Users  multi_func_min_cost_Profit  multi_func_min_cost_Cost  multi_func_min_cost_Users  multi_func_max_users_Profit  multi_func_max_users_Cost  multi_func_max_users_Users  single_func_Profit  single_func_Cost  single_func_Users  random_deploy_Profit  random_deploy_Cost  random_deploy_Users
0  Module Count         2               -669.090000                789.0900                 3.000000                    -1789.000000                   2109.000000                       8.000000                 -669.090000                789.090000                   3.000000                 -1785.680000                2105.680000                    8.000000         -903.560000       1063.560000           4.000000           -677.670000          797.670000             3.000000
1  Module Count         3               -370.503333                587.1700                 3.000000                    -1185.546667                   1888.880000                       8.666667                 -370.503333                587.170000                   3.000000                 -1185.546667                1888.880000                    8.666667         -599.733333        936.400000           4.666667           -562.303333          885.636667             4.333333
2  Module Count         4                 74.777500                435.2225                 4.250000                     -876.117500                   1391.117500                       4.625000                 -116.482500                361.482500                   2.125000                  -666.538750                1446.538750                    6.750000         -382.850000        747.850000           3.250000           -522.768750          897.768750             3.375000
3  Module Count         5                444.450000                530.5500                 4.000000                     -434.750000                   1359.750000                       4.000000                  221.950000                503.050000                   3.000000                  -213.250000                1388.250000                    5.000000          106.650000        968.350000           4.500000            444.450000          530.550000             4.000000
4  Module Count         6               -413.807778                566.0300                 1.666667                    -1154.048889                   1421.826667                       3.888889                 -428.585556                558.585556                   1.555556                 -1128.246667                1419.357778                    4.111111         -553.628889        718.073333           2.222222           -593.708889          748.153333             2.222222


Per User Profit Analysis
------------------------------
         Dimension  Category  multi_func_profit_Profit  multi_func_profit_Cost  multi_func_profit_Users  multi_func_worst_profit_Profit  multi_func_worst_profit_Cost  multi_func_worst_profit_Users  multi_func_min_cost_Profit  multi_func_min_cost_Cost  multi_func_min_cost_Users  multi_func_max_users_Profit  multi_func_max_users_Cost  multi_func_max_users_Users  single_func_Profit  single_func_Cost  single_func_Users  random_deploy_Profit  random_deploy_Cost  random_deploy_Users
0  Per User Profit      10.0               -252.876000              422.876000                 1.800000                     -716.858000                   1212.858000                       5.000000                 -252.876000                422.876000                   1.800000                  -713.218000                1211.218000                    5.200000         -454.098000        716.098000           3.200000           -444.798000          706.798000                 3.20
1  Per User Profit      18.0               -669.090000              789.090000                 3.000000                    -1789.000000                   2109.000000                       8.000000                 -669.090000                789.090000                   3.000000                 -1785.680000                2105.680000                    8.000000         -903.560000       1063.560000           4.000000           -677.670000          797.670000                 3.00
2  Per User Profit      45.0               -344.300000              564.300000                 1.500000                    -1048.000000                   1648.000000                       4.000000                 -344.300000                564.300000                   1.500000                 -1048.000000                1648.000000                    4.000000         -716.200000       1156.200000           3.000000           -381.900000          721.900000                 2.50
3  Per User Profit      90.0                452.163333              411.170000                 5.333333                       61.666667                    635.000000                       6.000000                  259.496667                370.503333                   4.333333                   253.583333                 676.416667                    7.000000          289.583333        627.083333           6.666667            283.830000          552.836667                 6.00
4  Per User Profit     210.0               -203.998333              488.998333                 2.666667                    -1290.205000                   1516.871667                       3.833333                 -309.448333                421.115000                   1.333333                 -1161.710000                1561.710000                    5.166667         -639.576667        826.243333           2.166667           -776.558333          954.891667                 2.00
5  Per User Profit     700.0                141.765000              363.235000                 4.750000                     -449.375000                    819.375000                       4.500000                  -82.580000                317.580000                   2.500000                  -222.642500                 862.642500                    6.750000         -100.220000        335.220000           2.500000           -242.252500          537.252500                 3.25
6  Per User Profit    1300.0              -1047.620000             1267.620000                 1.500000                    -3393.750000                   4333.750000                       7.000000                -1047.620000               1267.620000                   1.500000                 -3353.750000                4293.750000                    7.000000        -1279.440000       1559.440000           2.000000          -1279.440000         1559.440000                 2.00



Analysis Conclusions:
1. Performance differences across algorithms in different dimensions
2. Comparison between optimal and suboptimal solutions
3. Cost-benefit analysis
4. User capacity analysis
